[[0.8797823158884973, 0.040136518432555814, -0.05926165745031646, 0.04263906117980513, 0.09667095171890619, -0.0037447894032159985, 0.07773707771554102, 0.01250582005610389, 0.033598438630681286, 0.06428309582330813, 0.011994923923866916, -0.01322662815676309, -0.1201283044107259, 0.03585091548032485, 0.01373354257967246, 0.08292400044949728, 0.04816214795652843, -0.0849778306821745, 0.08083762225199544, -0.08986004056001376, -0.031215644684461048, -0.03183879749275449, 0.007492674457651219, 0.04422459658510466, -0.09217164117824563, 0.051487489252724866, -0.020237821945651404, 0.0003096996398274258, -0.10921973171040503, -0.08253990501551532, -0.08924695150488525, -0.00020665579697196125, 0.07049190101164704, 0.041909897971512504, 0.005295276774336595, -0.010934373293252125, -0.030239402640215143, -0.13251569141093503, -0.07578616387708872, 0.008983363376705517, 0.16407031234288696, 0.06016911350054844, 0.07484991807639389, -0.0012622236683853053, -0.066315424679084, -0.08108639305404626, -0.02981142720337684, 0.007683885046572902, -0.06370801470769219, -0.007906665227769505, -0.06493541021615744, 0.00011648691028781687, 0.10380089924519169, -0.0039282555908271835, -0.0285107926996136, -0.0046467642954824235, -0.08648603962189556, 0.07740724353596695, -0.08467484511483972, -0.06424379132869738, -0.09835196151236127, 0.15623023062357, 0.07869257450093561, -0.0160566358262748, -0.024898420400796924, -0.057840477568647825, -0.04587357731554155, -0.05336731217518225, 0.13937786220666049, -0.12036281828653594, -0.01968199712031844, -0.029440810725068524, 0.04954962558820717, 0.1228158505234376, 0.19924608793970222, -0.10558955163068084, -0.05552836324634065, -0.07874148924888928, 0.04098492992883672, -0.08447881598055466, -0.012689886989582446, 0.030967524168739814, 0.09356727218873866, -0.09103804178982332, 0.019614866283709766, 0.06197697839939541, -0.060662635502692325, 0.1049575437442994, -0.07334808375233061, -0.047653698647811486, 0.02162343069601203, -0.026771448890711893, 0.029311995873424472, 0.113199568381559, 0.05518932564140396, 0.04567675593539876, -0.0365778799011332, 0.10015862157812541, -0.0022895023919639558, -0.008338901129727572, 0.01234885947940321, -0.08672705132684594, -0.04955295592078832, 0.06351842930653705, 0.05095416220649784, -0.09621104602657007, 0.07298346166871716, -0.07656548040430018, 0.06037417545895904, -0.0015690369205984742, -0.07292237889437798, -0.03335801239824573, 0.02212059464757795, 0.10927006901525323, -0.02773521397431073, 0.005423233341609226, 0.051726138678857184, -0.025417034548725792, -0.03451195796413206, 0.11849056684829402, 0.0008195893232647363, -0.09193159987610676, 0.012476742308886478, 0.023916805395389405, 0.03532420218285871, 0.013301979576449083, -0.014764082433182942, 0.09121423350347167, -0.021538808722889276, 0.002614431658402202, -0.15783859028440894, 0.0864027752787191, -0.07488114801446247, 0.12740924863695333, 0.08569347946533586, -0.07184649930450164, 0.07697510618383342, 0.10961057111390844, 0.02037792580828932, -0.01812237436293173, -0.04988029019384373, 1.1613833167551417e-05, 0.08481208121843037, 0.13207482347184196, -0.11772137368061655, 0.06258523835883667, 0.054015854353882134, 0.06787876618231178, 0.05537590401413245, 0.020627291557330632], [0.040136518432555814, 0.8977210854388155, 0.16839699387248214, 0.09725147117620075, -0.03138323542069289, -0.09968344981549833, 0.030385551922673774, -0.1469109917373914, 0.009861940656078058, -0.12900767005043862, -0.1167984128064556, 0.06271404224926401, -0.030653387954627864, 0.09016539142758578, 0.033556162478356535, -0.029657253269951018, -0.05218460073933284, 0.016932567203418104, -0.043127562736466354, -0.02080601590457629, -0.062339229209519356, 0.04275524244134182, 0.15571264599856552, -0.0036764229388131188, 0.033451313890667016, 0.026969426086966574, 0.007399766224171406, 0.1155079886738754, 0.06663042645100578, -0.06862799522211305, -0.003400246285554969, 0.058386435746993794, -0.07203749570273946, 0.015793798012880084, 0.031228791349448465, 0.008301566089702004, -0.13424465126987598, 0.05967730845326599, -0.031485229129944295, -0.008247280206209193, -0.09918659204985042, -0.07432490741727094, -0.12558654792523286, -0.09686553191457516, 0.027141666986242333, 0.062101577627880475, 0.006563147473989469, 0.03456745267965714, 0.032157445498786644, 0.028325717001484906, 0.009406512745111107, -0.02364911152794791, -0.024630371638493197, 0.031171339124406672, -0.06834386159559731, 0.06189197947516571, -0.062416151400802054, -0.06160507071088469, -0.08826822234926218, 0.057292714022765846, 0.06152866403938841, -0.005555828552186984, -0.050569981454408, 0.047212588029013854, 0.07541948297524609, -0.08979674730439297, -0.07435346385399912, 0.037395085877289624, 0.059210392668505786, -0.02915190372856151, -0.008490609270869724, -0.0062726923441318964, -0.0189162996761442, -0.07823028109143089, -0.09532969798590471, 0.054156992804278055, -0.08236121502867233, 0.0943570598985322, 0.03205282819932359, 0.08628314711379642, -0.02201481458072406, 0.09725100181327075, 0.0067566189269041, -0.09956196163102174, -0.020336569070575555, 0.14960244175839632, 0.05916695079618177, -0.024657736126604535, -0.018479652674886847, -0.09141743379107255, 0.00984175561632642, -0.03206228316030709, 0.030164356712338185, 0.012361738734884865, 0.06130463168630489, 0.013888870841051565, -0.12281810450540101, 0.007353077522931645, -0.0485482807285865, 0.03945205603025274, -0.015646086652907763, -0.06402876197757926, 0.14747280411718494, 0.027807301959068213, -0.005734191376464167, -0.06422341341492108, 0.010625335302884783, 0.14124658641196716, -0.08934378855816835, 0.0007462494121845337, -0.004873146271139334, -0.011782269090990505, 0.03634863021856733, -0.11522149919902525, -0.0932475355697009, -0.060088300397357124, 0.06175470987623188, -0.031725614443991926, 0.04869798679933805, -0.1527568315284347, -0.0466489996676686, -0.0607953028073123, 0.05316242959313725, 0.032665698432757594, 0.08001765182651649, 0.20762574498304315, -0.043230669568319176, 0.064581477080313, -0.007287515559373801, 0.0034343975321127107, -0.06336266026856242, 0.08912345645814887, 0.14543239374288225, -0.1209924566473604, 0.002536021842318375, 0.09316910409398892, 0.00029363237395452197, -0.04372768638752308, 0.08397063192441954, 0.0073145513491407535, 0.03520021249239326, 0.0400673073792351, 0.12200383986971108, 0.04559674175351398, 0.03999127498328689, 0.016599028563345473, -0.13779323897523252, -0.04937203314004286, -0.027398973853252833, 0.0121443255736163], [-0.05926165745031646, 0.16839699387248214, 0.9424714730384933, -0.029427108118251704, 0.0059545724932495905, -0.12687680313286792, 0.0012892130207755863, -0.10399249211513475, 0.1521858141009094, -0.07053710834232343, 0.05384256269749949, -0.033873994532576925, 0.025696866768669804, 0.14856498619055783, -0.0724032621474251, -0.05650643687970325, 0.07756488486376409, 0.02138175753659042, -0.022520349045537513, 0.12343075866551353, -0.049026955214192904, -0.0034456221240162146, -0.07379865731833282, -0.006823594887692048, 0.05325144786250924, -0.03747225071721398, -0.058531312817532925, 0.07059976791507155, 0.12021875356808491, -0.018790018214463685, -0.03420490287599114, -0.03113485862746153, -0.05610380424219823, -0.02947680928977607, -0.02407355254692244, 0.005020139284363635, -0.11919905147162269, -0.02055442385625802, 0.03189004151969842, 0.04720976846422217, 0.02251805504322048, 0.09696504427973464, -0.06832442618742418, 0.09194974613524648, -0.14336643455435108, -0.11551924330683683, -0.09259630739383858, 0.020879733840516605, -0.05908524012416776, 0.059060494251118416, -0.002045016902078157, -0.11718670653630084, 0.06331542570214714, -0.048282276206352864, 0.11582811243775992, -0.03280648607524782, 0.12532851194901076, 0.08930425501860599, 0.08111376970222957, -0.023112884556344637, -0.09344314891124039, 0.053226849367235284, 0.13318910406775106, -0.005251058884791929, -0.010750103943624464, 0.17030375198196648, 0.00442093365840404, -0.13644661371378322, 0.07056450027482392, -0.06318409623493133, -0.012276217612544046, -0.07894573847034636, -0.13153967549875473, -0.19128239154390186, -0.05449548235499768, -0.052591170103552014, -0.002233651154134196, 0.12051877067807268, -0.1485101824403123, -0.013279495176605777, 0.038626948353771784, 0.05320740858812692, 0.029070456415227718, -0.06165504413058114, 0.023050289207991907, -0.02572532737015341, 0.10757096915846054, 0.09565012594605032, -0.014310441495427404, 0.0764000830947468, -0.0697313935033091, 0.06619804110549811, 0.12245067398105042, -0.14435025946013974, 0.03907445914887754, -0.04360987445826874, -0.10996599930201274, 0.038995452696618846, 0.01970007716704823, -0.10716323288394623, 0.09791025127180158, 0.03535429877934711, 0.11155715700108716, 0.0798472560335079, -0.0010466546156891075, 0.173888504669205, -0.014720600077212395, 0.09233878485236491, -0.0743351649547578, -0.026720451420882894, 0.028708673218138612, 0.02553652560722851, 0.08817977818386394, 0.04119102833290744, 0.018234403546200848, 0.0027761067811280502, 0.033327676268544444, -0.09267257157756095, -0.00428895589921926, 0.034937704000489546, -0.034049304160419305, 0.02594603963937204, -0.13884431140494413, 0.015399219797581782, 0.05847889212286153, 0.031109316783357377, 0.03028515352203634, 0.006585088754740653, -0.0008650084594980596, 0.07955349304070602, -0.027374045475362162, 0.0666819012958217, -0.041984961076616534, -0.020020344020295146, -0.018254866735868947, 0.09694188409768324, 0.0067467542419581495, 0.17028271932611588, -0.06083419058149421, -0.0025303740951947776, -0.008265381934805912, -0.06931319893743225, 0.04775276841804933, 0.04107493567480231, 0.08904305082360882, -0.006040493301741424, -0.1129923323075241, 0.020801945465068184, -0.1124206000584364, 0.00026735775051065007], [0.04263906117980513, 0.09725147117620075, -0.029427108118251704, 0.84867727996283, -0.013639678374430702, 0.040089533610023306, -0.09883418081734058, 0.003387476178718369, -0.08475169016270007, -0.012756453032823344, 0.07272028476319686, 0.08324755768447138, 0.06294321822506861, 0.16749931145603444, 0.11271158663944794, -0.042801901433150144, -0.055551651494818284, -0.09354301133032211, 0.01236766740460546, -0.10143112449032318, -0.09910350542656651, -0.016116947621006183, 0.09108948072169161, 0.10140195182769045, -0.006262142923179838, 0.06894125965502415, -0.027392379677556485, -0.08014363301287511, -0.019110024065613067, -0.10129530501468367, -0.12267951614495487, -0.06246159624078085, -0.08412477356081974, -0.043093701780525503, -0.03843158655722552, 0.006250374544435135, -0.09204483798184825, 0.011956972868225085, 0.06616740257653562, -0.01395566134317693, -0.12470589069934716, -0.0729143112174913, 0.019885671741653243, 0.0660944653462606, 0.013539149498943708, 0.05589820079408337, 0.05459391527885182, -0.08835704145420288, 0.054128047438883074, -0.031919759039122954, 0.036272870089857516, 0.06848017846142837, 0.013427659078807089, 0.17135671071531242, -0.08630759322128656, 0.08804913328337823, -0.015249988882226947, -0.05777926533632178, 0.04238741659132071, 0.17453988696392989, -0.05205038915296195, 0.060991381533114376, -0.03404946616716859, -0.042951795096501, -0.05666886654242675, 0.07176140604058316, 0.044667332590487184, -0.04907684260318672, 0.1203130040016167, -0.1312883936787403, 0.0041918830316927695, 0.05988942778892553, -0.03683412662228241, -0.0040781988893972805, -0.09717306196679013, 0.050524037300306496, 0.14407209385251632, 0.02462007659865315, 0.014354016664840555, 0.09063261712446354, -0.014186322945648651, -0.020696591187486634, 0.041659467100401325, -0.04492785752020463, -0.04528467404395281, -0.08261571249089193, 0.1562019369132661, 0.01055094112645153, -0.05949812591771315, -0.056204018408698, 0.032472487714771035, -0.06590655606928678, -0.03447843074531758, 0.03153592018132491, 0.09761312705159167, 0.06119093595662441, -0.11103945647512128, -0.06862785029197134, -0.08689960134213283, -0.07427025662159466, -0.09971362985001572, -0.07075606620473163, -0.056461941552956134, 0.015741964147863222, -0.026089502451648972, 0.024721501472169644, 0.03615615347836273, 0.061301052235577316, -0.11313466751044245, -0.07056506292313776, -0.0371204020505278, -0.018906642772960044, 0.10182143482859013, -0.19966203265255877, -0.0843488172061644, -0.05158316275243087, 0.14197948808804373, 0.04640836531091948, -0.12567803436444733, -0.1095949610801702, 0.03554371284447658, -0.09979886485902557, 0.025809447993762585, 0.09746385257668393, 0.05613468574469845, 0.0019483681324816457, 0.011549964984670313, 0.0358871211706745, 0.04239880935116651, 0.02308352431873892, 0.06765382073770305, 0.11778824005496955, 0.060563947510363904, 0.03933434408949816, 0.07003529518014082, 0.02308162267492925, 0.006241480385095776, -0.08168891785768506, -0.09410000636473616, 0.0788008195812658, 0.048881581025890776, 0.027887616078052412, -0.007132350662279201, 0.01763420211668798, -0.17470130934785363, -0.0002300239128490072, -0.02209565116974477, 0.03237069748907044, 0.042943363496164316, 0.04157604324641517], [0.09667095171890619, -0.03138323542069289, 0.0059545724932495905, -0.013639678374430702, 0.8974356379052064, -0.05724483504580206, -0.20519123757861518, -0.07930278149744963, -0.07141762299355314, -0.09260925441079489, 0.014622045255948114, -0.03796014794090958, 0.10182925844783497, 0.026002885047309417, 0.06475437550034456, 0.02163766829258463, 0.0014369076272276481, -0.044336507464413075, -0.014515066382382168, -0.01850024350517735, -0.01847893567990203, -0.11615906008896541, -0.004579341207853136, -0.04137259892243284, -0.15023885728983985, 0.002447919017787567, -0.04929211897117327, -0.06936966572492621, -0.006315878760006093, -0.144370355457168, -0.022950627926082465, -0.03950298542870899, -0.12008117969608967, -0.0005135826065633065, -0.06457268486673597, -0.18382212821459834, 0.03999289058059597, -0.10792095637689919, -0.13436936884371994, 0.01348634851374762, 0.009626133173991252, 0.17415060342462105, 0.012402520031981066, -0.03288684578028504, -0.09382731510117494, 0.2061153336155627, -0.0266878152732767, -0.054047096464210985, -0.02155030517064666, -0.09973504732650489, -0.05005406935288342, 0.02644523845413701, 0.050504640084035976, -0.08584058930159012, -0.003680133605701143, 0.0542219858679552, 0.05816260223825872, -0.006944655516033193, -0.012617550602212252, -0.04763799994049381, -0.15661451019526937, 0.16187439114054036, -0.023936546931765973, -0.1187200812714122, -0.03660780126793454, -0.013582410601875752, -0.013514123012721101, 0.0253674055711386, -0.15481232087838415, -0.05159575235654776, 0.00823460854495256, -0.10791522653165479, -0.06014438889375771, -0.01570558111742909, -0.011984803116609875, 0.02390298691166316, -0.030845888484250437, -0.043360314182637825, 0.053371851907580044, 0.1303879469151912, -0.013662850147522772, -0.014979078886707567, 0.01541503580278352, -0.09054729276964718, -0.05174835740615134, 0.004614248781426938, -0.09550146065594288, -0.09756782651242704, -0.03698710066046253, 0.13332254483698783, -0.036744980383620916, 0.02523873675277606, -0.13988329999548638, 0.099930654408785, 0.06527164161878318, -0.0508607092783111, 0.0028509508012852097, 0.045626384041072034, 0.03406215784103748, 0.07867257347124322, 0.06575575318357638, -0.02153055770027832, -0.12462570991856309, -0.020998786707803134, -0.019972006643398595, 0.05250896207268363, -0.04046592902531142, 0.04173002074469329, -0.07742271715707046, 0.037562383157621455, -0.0016290578971209166, 0.032128233004194005, 0.016450827591871522, -0.09606247267391937, -0.017511948492913862, 0.012960310853407968, -0.03327627041475568, 0.022040189515034544, -0.014338509406836631, 0.0033011714624960682, 0.13197316171903922, -0.07430638819870183, -0.010055904047857486, -0.02627750173257494, 0.023018177920973184, 0.02006471119307605, 0.0814987554692427, 0.042139548121059654, 0.08045526143037805, 0.0358536913179817, -0.032389744390027786, 0.041237448575110205, -0.07486034141771426, 0.08586986657446197, -0.0325709741735526, -0.12873880241298824, 0.04583155361138341, 0.126362843618419, -0.06341090838854266, 0.08179154026201248, 0.00388495223924994, 0.02381054103781402, -0.06005064207895732, 0.0997903450934746, -0.06392107649447623, -0.01353368925459806, -0.06376225758648113, 0.13417283049337186, -0.09907041374972696, -0.03360097939865118], [-0.0037447894032159985, -0.09968344981549833, -0.12687680313286792, 0.040089533610023306, -0.05724483504580206, 1.1978277274909457, -0.0223002944200528, 0.2611253520128739, -0.13665306575637068, -0.0005920965730543247, -0.004409664114673273, 0.011218793540347622, -0.10632790229915771, 0.0011511399944441755, -0.006641349551640896, 0.2014232999346582, -0.0007172578550674384, 0.042276214306404075, -0.03124070728647234, -0.0327678545582094, -0.06708714128790018, 0.08979877355575484, 0.07152972398824142, 0.08454585336278103, 0.11865073667604668, -0.07726176416187241, -0.020382464431175903, -0.08446720185824634, -0.06771675556613034, -0.016011654317718917, -0.017076653163396033, 0.05433932277931852, -0.09647233940199418, 0.005115125048149572, -0.025144098195483824, -0.02915972888451777, -0.07669981372018815, -0.007498094694619643, 0.02868291031099066, -0.06000881423338106, 0.18032526333717824, -0.1259197355231029, 0.09015616514241004, -0.09392563855705903, 0.1220355993770464, 0.10599193161592077, -0.04461993578739225, -0.06925175031177226, 0.0049583789048282655, -0.17227817284292155, 0.0389030845751882, -0.02934506947019703, 0.029000368965338304, 0.20285140096333973, -0.08179713531086988, 0.03832128467156483, -0.10520280691676667, -0.019899496346293316, 0.01478909354288301, 0.007790079414503559, 0.2107335660790004, 0.12895527165614926, 0.01176972977314146, -0.008394863035656307, -0.12570736540911753, 0.3258103947307422, 0.00427893910951372, 0.10153762472299216, 0.16149683129771317, 0.04504705799262545, 0.10890894030184274, 0.08572713514926397, 0.12589502540408415, 0.09534356490312726, -0.05152996861864484, -0.128293566628695, 0.015442376348018204, -0.027094348684646795, 0.03005363771984205, -0.15171119090929433, 0.06730901834299476, -0.08414685202503565, -0.022816452019762044, 0.017360762937674648, -0.11182455779110385, -0.09211969535020546, -0.19408119342919505, 0.11041195533703564, -0.05587434421554372, -0.06607269719958127, 0.05310118167875971, 0.05069319540537461, -0.05747467021394637, -0.035295095459199115, -0.05514158088023887, -0.08655660007309976, 0.05046546855003271, 0.047058559708329686, 0.023397076452899304, -0.035144528774910914, 0.06368478963517962, -0.015700966503601452, 0.0049806201844493445, 0.13391655647814538, 0.04323046595866361, 0.04421946753434469, -0.058972287001377056, 0.007191207137905924, -0.08080419261722929, -0.057834953640821904, -0.13388442325563765, 0.0853981995850173, -0.006545616432955442, 0.051538150121611406, -0.040738513214345934, 0.14460382871019214, 0.03565414038397701, 0.09625752875689113, 0.040256922148185326, 0.023387096039831946, -0.011727854334055257, 0.050609658667537555, -0.11797964826940288, -0.05348425005861067, -0.0392441470586515, 0.015480225676016642, -0.14618733407511827, -0.06080732630634731, -0.06176245744327409, 0.03410460064102868, 0.15358112416045044, -0.20061966493766195, -0.15543894878125342, -0.05940014078048689, 0.08050613008998085, 0.09151136426990776, -0.11771189268627158, -0.052132556909639735, -0.01480619729320097, -0.15876416419374578, 0.04901815122299482, -0.018441717234692196, -0.11640008989594212, 0.09297960617743255, -0.08951294487866658, -0.0784524002498444, -0.11369229519406836, 0.0068963037977017696, -0.025016804700686783, 0.08053922577833547], [0.07773707771554102, 0.030385551922673774, 0.0012892130207755863, -0.09883418081734058, -0.20519123757861518, -0.0223002944200528, 0.9761537546021603, 0.03127842169476869, 0.11768475218783744, -0.05399543164416987, 0.08507799356503411, 0.11368328131525678, -0.1482199559550742, 0.021983227206901844, -0.03354437359527938, 0.06698115125012968, 0.05337959001677825, 0.030825559880533777, 0.2042220880923168, -0.007486248709766899, -0.018120649732820557, 0.047166315173276366, 0.04507145627165742, -0.020873889239178867, -0.0956623440058874, -0.04109472578369171, 0.05787382861625369, -0.005886531397936364, 0.04976604486466309, 0.01969568478586032, 0.03326678570936886, -0.059319882739462176, 0.121037300632998, 0.09098696870111947, 0.07481463374843249, 0.07028755831030342, 0.008979360935064178, 0.09751465884372688, -0.060566071014894786, -0.10821336740067466, 0.05374262387518977, -0.05168897190435691, 0.00834998588060034, 0.11582051388138204, 0.0696367458455902, -0.11001143839412492, -0.057206498954748976, -0.0035847328483510827, -0.13853421211921782, 0.027574426221443547, -0.030622797381860172, -0.046097315326732904, 0.06897675243756965, -0.04919365739040134, -0.1059363812965464, -0.10957439442903186, 0.05857192395743385, -0.040045958911880515, -0.022035605535407343, 0.07995190549250428, 0.02670053677669751, 0.03086978301942271, 0.07900764919994119, 0.08496950328284443, -0.03109158686876511, -0.02388305756074399, -0.012597301953398385, -0.030233198654170863, -0.10337506681317914, 0.0016161964937290467, -0.09717680613610642, 0.13733244754346557, -0.0288093920786637, -0.004656257021544475, -0.1698782455430087, 0.03340408211659282, -0.014872180167911836, -0.044988422732097154, 0.04379502951984101, -0.0068863348644226255, -0.02752243629811641, 0.09706689900926552, 0.024979930650998586, 0.09661418671461856, -0.05971581868502048, 0.029321721627726005, -0.08398948663692478, 0.016231185495558794, -0.004906491438361197, -0.022978585476667635, 0.05914925622864514, 0.04864172300700094, 0.058590344785443865, -0.0446074477399969, 0.008472611344330909, -0.1168055009044078, -0.11453641486865844, 0.12773300178171468, -0.10146466400647666, 0.1409371789785189, 0.09193444390780038, 0.04017399660239444, 0.09181635266244223, -0.05195112642558981, -0.01949449197823863, -0.10749463735895536, -0.01609218967289627, 0.07960809367189609, 0.05674620767023598, 0.12161983553047369, 0.0005931695302684679, -0.01680280293133193, 0.08415258128322663, 0.12715131609964309, 0.04012214790817374, -0.20922208643006174, 0.05584594725006825, -0.004238568166025264, -0.2259645537028619, 0.15433362024175928, -0.1894495955299326, -0.0034986197130651184, -0.030114781915673912, -0.009610340781875816, 0.18900784185914854, 0.028253959561605112, 0.01950709661754657, -0.02009201548822344, -0.003021540388690526, -0.010339780156172543, -0.10233233984706785, -0.009565356700084363, -0.002451643713351213, 0.08401969122481823, 0.09060761112318451, 0.08361121055730446, -0.04827194493228397, 0.011586656262275641, 0.008123896924053674, 0.00972897290466912, -0.11822952267499394, -0.05780352122720658, 0.012533798322060734, 0.08169203333142147, 0.05078347618292142, -0.1074288749053759, 0.08661189329309732, -0.003472560739644966, 0.05467527373057537, -0.06556153244879956], [0.01250582005610389, -0.1469109917373914, -0.10399249211513475, 0.003387476178718369, -0.07930278149744963, 0.2611253520128739, 0.03127842169476869, 1.0399961644424862, -0.16419085087920135, 0.04947500679597426, -0.04968300039229856, -0.14999701493532297, 0.0762954292162839, -0.24269260336585416, 0.11844997122174708, 0.15337969619797884, -0.17279585030062147, -0.1922304062780016, -0.03586884309179849, -0.1799023713273986, 0.11053001940992344, -0.02950611525833426, 0.0416350419062559, 0.035644480942422084, 0.07131032954373229, -0.08732699544646148, -0.03872319069202078, -0.0005784807439749525, 0.07562179097869019, 0.0820801601727161, -0.10376248676546047, -0.023158987263753775, 0.06473662010766637, 0.050097887138120495, 0.07090903445145105, 0.12587350720999405, -0.001867173323971582, 0.03486297868855583, 0.04738117804817717, -0.034909526568200545, 0.006411378015363082, 0.07825203748661488, -0.01728654138613757, -0.1133161176124653, 0.051958686302563, -0.09549221397431726, -0.030251299609324583, -0.05481976663538098, -0.04450109936784257, -0.034485213710009975, -0.17795116884656417, -0.20512194377789736, -0.15203810621658145, 0.045737076075926406, -0.013022751875960215, 0.0011463308856726818, -0.03052687701288382, 0.009510252698177015, 0.03928388008906965, 0.001412644694621327, -0.0464343485889611, 0.13835963820777158, 0.05140019829589065, 0.01254492294014826, -0.11448199910087413, -0.06469283228549415, 0.08354972606395158, 0.03392377203175282, 0.12928230894889833, 0.07606977556497585, 0.03965643227536949, 0.0677415268521899, -0.03080183908734567, -0.0515581439175223, 0.09171179023073274, 0.08041005621810489, 0.1546565814195846, -0.03425291587546672, 0.09884506037364892, 0.014288130713238385, 0.037805007708726496, -0.06194046821960563, 0.06159369964459893, 0.10581281234236181, 0.049007148493895536, -0.10702165830511956, -0.13822261868876887, 0.08132061536868036, -0.10054262526602284, 0.06227471048293583, -0.05726684898264544, 0.036828817250257544, -0.07623678021272633, -0.11942335234085255, -0.026807244675856438, 0.025184372602928072, -0.08693353061598105, -0.01001218753354457, 0.13473007867745118, -0.12543909555581942, 0.051757934012809585, 0.0559366102470802, -0.022065417003262148, -0.08386953334411593, 0.011297061346742736, -0.15368617242373203, -0.019257318127104323, 0.23083522759247527, -0.10559838207461175, -0.06470547310429345, -0.013149877799231916, 0.15227973813140558, 0.0549480223647753, -0.01877393451474185, -0.06590191553067123, 0.018664669509003896, 0.07970401882356688, 0.041198642038619934, 0.13174187200159923, 0.12864331482586108, -0.11684376035919193, -0.0014355198030448404, -0.02865739694130163, 0.10170704080225697, -0.009554384473211304, 0.09449142485070844, 0.010881064304201625, -0.025108465197154272, 0.01578348677222671, -0.12058768970005404, 0.10271794690894398, -0.1080271789318478, -0.13672959322379116, 0.03050147961140002, 0.04015808836503942, 0.1406175581429155, 0.07900418939635946, -0.09923800021017361, -0.054250381193961854, -0.21039193873237336, -0.07500190893013513, -0.049310328316375905, 0.049852348442073355, 0.04006740521819295, -0.053223993845185676, -0.036485077140483026, 0.014428602584418054, -0.003373886056250228, -0.05370665662904595, 0.09614471582869163], [0.033598438630681286, 0.009861940656078058, 0.1521858141009094, -0.08475169016270007, -0.07141762299355314, -0.13665306575637068, 0.11768475218783744, -0.16419085087920135, 1.153774693395059, -0.1442838838212657, -0.006817875012073484, -0.02064177922636026, -0.0232295175882394, -0.09784327287981794, -0.0073367282704568096, -0.01634244517094163, -0.03572286624268279, -0.040080868082074575, 0.09915414311307702, 0.06410914913635314, -0.08929862028717202, -0.0655903141230397, 0.020613886009878055, 0.049037598336055234, -0.09883104832860888, -0.06532359094048722, -0.07227533706341656, 0.0464219074118078, -0.04231198811318826, -0.0038777713020595826, -0.043720212373543225, -0.08410208406616243, 0.02800268441707594, 0.05839823897585789, -0.08833372710642676, 0.14210185489118624, -0.038183511994136735, -0.12571086075057228, -0.0604917095143501, -0.2636419892423449, -0.0041581070082576735, -0.09369983594439167, 0.00954905531358885, 0.106323130416879, -0.19873456661265085, -0.07749415954774466, -0.023502457552492254, 0.17681856331167878, -0.06555951274951663, 0.1570364701759723, -0.1682513615302626, 0.09395867220767738, -0.0014271573089267783, -0.07108007741411751, 0.1258635014415893, -0.00710363177113839, -0.05664625158470118, -0.002393692002920865, 0.057367798912155515, -0.1341243094996615, -0.0060810655105466415, -0.058754563646171536, -0.09636616447443565, -0.03527640820851762, -0.04205766746003402, -0.025562869242323663, -0.010708152275126462, -0.06652993782819087, 0.04837339332797519, -0.147627496449885, 0.015028788283707307, 0.02926428204396313, 0.1351900166808928, -0.0853337576885506, -0.03388256365862808, -0.006624299267360705, -0.12557410841324534, 0.06647570920935474, 0.01964410698825434, -0.043816074316340665, -0.06653878286986527, -0.0900627880998286, 0.06977855239798413, 0.12905629193774104, 0.1769136533319776, 0.23308467380057213, -0.12988939734946142, -0.018384858009181698, 0.19149018884793317, 0.0383712533959516, 0.16052032749880474, -0.03247742014337849, 0.0441395294178648, 0.028870218278283507, 0.07458349586594183, -0.005380709690607876, -0.018520042394932504, -0.05185430776396399, 0.07993682910795792, -0.13925614022573127, -0.13710037294501146, 0.07170185227273695, 0.06893441761196842, 0.00177094118549359, -0.0782177710764473, -0.165079484541651, 0.06887077919856838, -0.15308770759160362, 0.0043426690457777474, -0.0249432193044332, -0.08120068260730962, -0.20638177097408195, 0.020113140067041613, 0.0023216828139185977, 0.04779598621734926, -0.038455790529275766, -0.01847830133745724, -0.25615743960179366, -0.055242223317875476, 0.07050957537438006, 0.04674553815836751, -0.010801896474524827, -0.017723496029392903, 0.09139244352487416, -0.13971441536951076, 0.004779764676448999, -0.17752916168396787, 0.01269894900303404, -0.039570287816946735, -0.07148484014556841, -0.06886875424337874, 0.04935770190266861, -0.02369696427464365, 0.044135620442747915, 0.09065041743742777, -0.043956850906377694, -0.14686802545821884, 0.08737806084708717, -0.06717644574528449, 0.03378640163857414, -0.13939441633417307, -0.08444991501129655, 0.03633065318239582, 0.0745377170814341, 0.058803572824251756, -0.022071513238786044, 0.10089896216970155, -0.06480946663530998, 0.1186450914681067, -0.0725831816520707], [0.06428309582330813, -0.12900767005043862, -0.07053710834232343, -0.012756453032823344, -0.09260925441079489, -0.0005920965730543247, -0.05399543164416987, 0.04947500679597426, -0.1442838838212657, 1.082641835941503, 0.03514289677668144, -0.15268751894519625, -0.12234569983100826, 0.06272849553705297, -0.05146052434307741, -0.11756718276146837, -0.2299198671924305, 0.16738080218872528, 0.0450945735901342, -0.18305774823645102, -0.14792879658983235, 0.1181401573203884, -0.03710891092617152, -0.03821606116293517, 0.045807794650755934, 0.011885338293501213, 0.0029741020047031217, 0.0367906753170658, 0.040667968541387226, -0.05263573417239138, 0.024318575138607246, 0.06484278229289915, 0.06041913735744686, 0.04001692382221398, -0.0036626304418845355, -0.038170702895987, -0.007411671319432759, 0.004421169238920076, -0.05593641511085279, 0.2166651019036189, 0.06746975887867877, 0.16493651328729256, 0.09392094861778921, -0.05360521457088639, 0.027909909792655927, -0.06671070467442348, -0.06914244066573717, -0.018549650102927414, 0.025098629668578055, 0.0880961567145276, -0.03279046336865419, -0.008463452868402771, 0.05972504922049666, 0.0018525559959091647, 0.03783659856606411, -0.069644048892976, 0.034589420861689514, -0.07898316856822549, 0.17169594540972996, -0.015972542998156092, 0.1317115689710065, -0.09772104403637238, -0.08919354982568917, -0.03614780165930829, -0.06485426747174791, -0.03313185129862481, 0.01927468060197966, 0.02324483643779042, -0.07112706711902723, 0.04841956505752979, 0.09364896271232755, 0.029174660488680674, -0.0548735755497187, 0.09181112916407841, 0.009017143926074774, 0.12068960416065203, -0.01534866937526623, -0.06190115085906601, 0.001827853286135037, 0.06596985695394435, 0.09034674310819091, 0.033666203971192604, -0.06998106131281143, -0.09468551609190262, -0.12498438451771789, 0.006458714116191071, -0.04152101201230953, -0.030757886092255018, 0.01862591156172646, -0.007346702817646726, 0.029793448955666383, 0.13948770264824648, -0.01106467182504527, 0.015196803702120872, 0.1793361307504013, -0.09653254074201516, 0.15492783437631172, -0.0021451710435934656, 0.07973512670273032, 0.005209234355502785, -0.1422375202038243, -0.025535578765438962, -0.03775304228443725, 0.004129990329479317, 0.15579619382317753, 0.0827690469548215, -0.0032031494651409776, 0.007584831405074318, 0.1479576617143611, -0.019982530514400073, -0.005407266571116766, 0.09094737855671166, 0.03352180847015242, 0.04910780106524842, 0.10690398152175427, 0.039449435334714546, -0.07355690117032868, 0.15900556092808427, -0.10170410480954564, 0.09547231403214346, -0.0029495128165131584, 0.013121452304842718, 0.0942490464667155, 0.07617671444205974, 0.058840802036256246, -0.015216608820233823, -0.04151866538297885, 0.04667710055293465, 0.09519309139830111, -0.07779681838206867, 0.0358232029469996, 0.015404339039019204, 0.057019831738529564, -0.023730652246709047, 0.050619433418308234, -0.023231172674846073, -0.05071247575641209, 0.04893387058296022, 0.04061757456731439, -0.006784124019853618, -0.02472083789189854, -0.08568111333843319, -0.0892408914009521, -0.0013049437897765085, -0.083753282944059, -0.07138397292941853, 0.12636493980642044, -0.06316638247581041, -0.01189251271165202, -0.13538991717345747], [0.011994923923866916, -0.1167984128064556, 0.05384256269749949, 0.07272028476319686, 0.014622045255948114, -0.004409664114673273, 0.08507799356503411, -0.04968300039229856, -0.006817875012073484, 0.03514289677668144, 0.9871813604663295, 0.054089409342079994, 0.17487531161025696, 0.12137644945436954, 0.02540909002127113, -0.056399160480222664, 0.025656873575916308, -0.06495869724865558, 0.05520429725365001, 0.11713214716252367, 0.00772755166556587, 0.012578076502287169, 0.059129849079784136, 0.08734054015753202, -0.007451952544299233, 0.054475217522408685, -0.06981823717444353, -0.08958207388689819, 0.03388655701867617, 0.07302113892908725, 0.0485473419285993, -0.1549279727885194, 0.11179833067310799, -0.13806162886492576, -0.07432042560994907, -0.06327774772448014, 0.14134151676446494, 0.08545820377064489, -0.0345050658604616, -0.017038721209757732, -0.12374866876147136, 0.12276943054807873, -0.008964698892903704, 0.16978195014497055, 0.00936947792518543, 0.04380567035840132, 0.022318466709298813, 0.03928187288493589, 0.0019402086096381333, 0.057735321701670124, 0.01147220493323692, -0.12393213272320755, 0.05067943725358548, 0.06444831955637317, 0.008981082056915968, 0.11819537485589324, 0.11576016227138808, 0.060603450120933364, 0.06747012729109843, -0.07767333126523211, -0.1272360706451334, -0.07618480167684448, 0.17499392315651074, 0.05251522958757468, -0.17284392754440045, 0.0729276512450168, 0.06817594059919363, -0.06939404319406818, -0.023929641699185655, 0.0780901453886822, 0.0026424423459909707, 0.1136533921331577, 0.02500368573150766, 0.019973041913697878, -0.1029020147917999, -0.040377295679284476, 0.015939220340081613, 0.02874487811758632, 0.028918662194928692, 0.02905940914633401, -0.025851905063403565, 0.06610247228736624, 0.023603184369278038, -0.04172204096842016, -0.0017386994631553368, -0.07954941211667087, -0.01837220319336619, 0.14094382807064723, -0.039113534355259605, -0.08263979015275032, 0.009265547391225232, 0.04200978594251226, 0.07130003623603456, -0.03872961934572325, -0.084314432307446, -0.028457616313377565, -0.051203404643696576, 0.029885023995196405, 0.0853574005142782, -0.010082882744870778, -0.025122255881098787, -0.09729904150859991, 0.08456742571330976, -0.018615760017532533, -0.08914252431672749, 0.033715495073084426, 0.047179563735410886, 0.14510394877993235, 0.15651621021447643, -0.07555246315671979, 0.1950995821015561, 0.13266033538947133, -0.028667628297310524, -0.031382316425759935, 0.025191567988131134, -0.09700270940715648, -0.04683624267370358, 0.0973200461181791, -0.2046184906426445, -0.03811773363471247, 0.10432785750786812, -0.05074284743401938, 0.1808678430130979, -0.24330900639821776, 0.047459513655117455, -0.10732669093796737, 0.021789891977620334, 0.09548801698392687, -0.12990123040451595, -0.03251914372115965, -0.10282967330671905, 0.1044755801515575, 0.22919075163705913, 0.06390794545210211, 0.08215161351049498, 0.05393681757862398, 0.03843566130993977, -0.045649746813390964, 0.10905574586338297, 0.11157320971395193, -0.0065980453669453, 0.04155828792849642, 0.019031677229509544, -0.03674503557757294, -0.10109467179380788, 0.04030028934848084, 0.02888878513857895, -0.08941411391969124, 0.10716682432886239, 0.038126536441214276], [-0.01322662815676309, 0.06271404224926401, -0.033873994532576925, 0.08324755768447138, -0.03796014794090958, 0.011218793540347622, 0.11368328131525678, -0.14999701493532297, -0.02064177922636026, -0.15268751894519625, 0.054089409342079994, 0.8333410351732538, -0.10136841511944415, 0.1538475145128599, -0.09896547897919007, 0.11790408121378701, 0.016986668336695245, -0.011656795088166276, 0.10290984184565488, 0.05557088174373022, 0.07446828958443119, 0.003926512825680209, 0.010320705506269703, -0.08396948991016276, -0.013035959437017113, 0.009649755903915935, -0.11429052849305359, -0.039239274076858774, -0.07772314726381721, -0.08382983218578482, -0.08360918281245468, -0.13716962832116197, -0.05813455421028929, -0.04120289531735552, -0.030008328592482564, 0.04918239789004922, -0.05482696220807434, -0.09142704274935867, 0.002295454917635078, -0.0002786235218887708, -0.08028323311231791, 0.01677365533306573, 0.20222831819794343, -0.11841489378486025, -0.021362655507253372, 0.07636018488580684, -0.06899492068966692, -0.004151032329905367, -0.06427897510206639, -0.047629913552900686, 0.12881403755270554, -0.041907464540695064, 0.05900843346358339, -0.05178808458611285, -0.157718272578875, 0.026653073130263803, 0.06810757154658484, -0.08665123170882395, 0.035640283000828096, 0.07674743385200607, 0.06149382229482369, 0.06697733002012031, 0.09435701527639645, 0.04037057176131461, 0.0783778992967236, 0.16360385062533855, 0.033102264181185476, -0.13829488509833956, 0.017019404059803074, 0.05748929719555589, -0.10615778332205626, -0.057095130995719626, -0.03406260534369772, 0.014615477721439347, -0.0673553853397667, 0.001223101626073981, 0.053244181592220524, 0.08955300315489396, 0.02687599006597174, 0.02176718781654645, -0.023389033964405552, -0.10729814911533811, -0.039503699809395054, -0.0029225955078585122, -0.09160169388422648, -0.03461218519180605, 0.01127216489795739, 0.05761905840404214, -0.09847095329811147, 0.0033153469963344254, -0.1324216808792696, -0.10866492201726716, 0.03198430784933687, 0.020817923883828193, 0.019927511418726705, -0.07617359483431736, -0.012946409581630477, -0.027003230663655713, 0.06259511580315247, 0.12013840918758831, 0.09397474664696695, -0.07132292746856583, -0.01607169742613591, -0.0664165306561915, -0.21503922131632988, -0.019504196443344408, -0.047920253973397615, -0.0988630656953496, 0.07612156859330946, 0.02416262101658049, -0.012231233698176915, -0.15999011787019152, -0.09433160153136062, 0.006432416287409792, -0.026105091314189224, -0.11965425039168524, -0.07320401986234924, -0.006216659296852848, -0.07834903755067857, -0.012643049651502404, -0.0966478537470263, -0.03182980009203931, -0.015056451523616158, 0.07631838959435855, 0.061234227915029894, -0.07235043517094729, -0.056508923327010296, 0.0662928662546117, -0.11979947531445027, 0.15563778350818994, 0.15027934228206444, -0.11359779157617349, -0.0917044085752616, 0.11397929290376117, -0.009009516054238758, 0.07468680816594504, -0.12984041839429294, 0.03278929461646738, 0.020104046135455193, 0.16497184401740106, 0.03510071107525251, 0.053884890408322825, -0.025741034269148148, 0.03044010257029465, 0.007995487842957996, 0.09322655667173876, -0.13154585119659754, -0.0313241030478995, 0.0003304605343401121, 0.026658721830963513], [-0.1201283044107259, -0.030653387954627864, 0.025696866768669804, 0.06294321822506861, 0.10182925844783497, -0.10632790229915771, -0.1482199559550742, 0.0762954292162839, -0.0232295175882394, -0.12234569983100826, 0.17487531161025696, -0.10136841511944415, 1.0938493166366199, -0.00654053500467911, -0.0533943328061135, 0.081560101319573, 0.11106470861905829, -0.07821960596978002, 0.09108802401868875, 0.1902893483581893, 0.18980753682939253, 0.048156404091983726, 0.15675967922724282, -0.07498572495059551, -0.07302031072534362, -0.14330744368523024, -0.01639113029160441, 0.04340771255102227, 0.02356893129470978, 0.013112981855827358, -0.0006729033030287454, 0.18289761895821977, 0.0493607095066833, -0.04842182893500507, -0.023196063491219266, 0.04125033185898642, 0.09233522902036008, -0.16245228737913436, -0.12524509200937547, -0.080