[[0.8524416909249999, 0.09467502543181729, 0.06511187958240891, 0.0008492022712514646, -0.10521324634646012, 0.12908708893001866, 0.02729794128063558, 0.019103441477530413, -0.02498248268973371, 0.1521918736606933, 0.10043298731187188, 0.048072510833105674, -0.10448385696004696, -0.18256016840030379, -0.036640674981109074, -0.025643940717412776, -0.1095016568698658, -0.034660852757974356, 0.022312789594932037, -0.019861192770990303, -0.030131957988597306, 0.1265480658100528, 0.03647906469144703, -0.026271944185828365, -0.0445601164927674, 0.09019270871126599, -0.17205171617438314, -0.02364224589584806, -0.03367157188035948, -0.05425526896469233, -0.015481651894883968, -0.07765166339891338, -0.015519290556700949, -0.0791065603151069, -0.02350920965598166, 0.0029840096524375373, 0.04834056860250494, -0.0389736591981258, 0.05153066349731848, 0.09255659437715869, -0.030766179284125564, -0.004888511398831858, -0.16006198187482543, 0.073192345977784, -0.01101526697598653, -0.013237683655211002, 0.006626954298520829, 0.11744619434433301, -0.013236587305051159, -0.13289127277298224, 0.10410781121370183, 0.0019749681365211686, 0.00880321481638337, 0.06426045018222168, 0.1092203521419743, -0.04609420237887279, 0.20487640162203444, -0.13071802749610673, 0.16339093522310594, -0.06461091578510844, 0.02021302866763047, -0.008960782555903223, 0.013612078352012147, -0.10710819563356012, 0.05423594850285319, 0.02982449791989308, -0.0070076394679273015, -0.059095380215172084, 0.05878114373512286, -0.08824047387789861, -0.01564937396334842, -0.08132522916176234, 0.022490956983213444, 0.06273073220365034, -0.04326618539676793, 0.0663157821694301, -0.012174824277245321, 0.0027450689606559205, 0.029092077459720065, -0.0954767250290605, 0.00701734603214167, 0.16051371024626362, 0.13191740692731369, -0.04669898380667683, -0.07346887935083868, -0.033412097827955914, 0.02043232756409877, 0.00737746701992118, -0.01832279654445691, 0.0028981473182726316, 0.0017030367937453973, -0.043447545590115245, 0.06675802551202861, 0.11864839464192654, -0.03105247936597215, 0.060276864201798196, -0.0072331254390543545, 0.0905007704451777, 0.09348868440356049, -0.01680841122209697, -0.04925031309853034, -0.08495441300520588, -0.043399551651000436, -0.011201410744827849, 0.07053702367292426, -0.07576212373238268, -0.0033819343694466517, 0.006935253932203931, -0.0766133278478997, 0.02623868831166247, 0.109000007624532, 0.05256203931901108, -0.09015178329619523, -0.08537529080654256, -0.08877033084031935, 0.01895594134497388, 0.0764566055813029, -0.019076469999681277, 0.03006994641214982, 0.053394042050939824, 0.02959083814704323, 0.03909997899031869, -0.16020233122025584, -0.009808804030786569, 0.004446443870401445, -0.09656683104956058, 0.0593460627488046, -0.10142392518193209, 0.04048952499821034, 0.014118814476117271, -0.046778964466964564, -0.03658405955844599, -0.020951279200274925, 0.07212497513046315, -0.0015085595483658486, -0.1937244827940444, -0.07724286205669088, -0.021672483255361502, 0.046947782903395914, -0.08704796733484783, -0.04508011787526854, -0.031653308094573056, -0.007795070123813904, 0.04590007157512595, 0.041388091302404686, -0.03576196337705129, -0.07683463006104348, 0.1195828743108805, 0.013076420572216889, -0.020154433847138564], [0.09467502543181729, 1.0444790778326722, -0.07195130432740085, 0.07556241094532087, 0.027252222656703046, -0.10089768952773584, -0.1409190478216278, -0.11374636400187077, 0.0693209808205845, -0.05969707222239618, -0.018689747919059172, -0.15210253759563291, -0.11316384986544693, -0.059550229740960615, 0.15185990010566444, -0.028107569032098687, -0.043113349022232156, 0.010065374181264776, -0.059482122074059916, 0.08637481731954232, 0.1257729844865339, 0.05088044604056006, 0.05232369351215096, 0.04426254695758859, 0.028671119589588477, 0.04648717960723666, 0.06399432100558052, 0.09147839717564817, 0.014450051594417833, 0.053512660553888945, -0.10767043056605619, 0.01896500091314858, 0.03494434116427503, -0.04564423659527043, -0.15622959288662788, 0.04041875120197091, -0.055233961687214714, 0.051892935057470314, 0.029542293709544216, 0.11911614331982136, 0.03940521896545741, -0.0435590520130758, 0.03448773856159352, -0.044529395835476514, -0.03752299614784372, -0.13390100191273716, 0.04134479388877435, -0.04299071757131065, -0.03410435732647115, -0.09115946378886215, 0.008767759647882596, -0.06572010741112103, -0.09142298145486136, -0.018663456360376203, -0.054448434257566874, 0.008979331239487518, -0.01151036955776284, 0.07249886944119008, -0.030018734035026813, -0.08796656717129947, -0.005680987412280485, 0.011742020297867108, 0.08362803950443673, -0.20594866524931865, 0.15055596009706845, 0.03830483500044479, 0.01571966002406505, 0.008068672548984935, 0.07295233456655197, -0.1549108110531323, 0.06875921683459835, 0.07006718341851913, -0.13320267429430707, -0.040003153625956446, 0.04245033009193296, -0.05568045325782916, 0.010786826595638474, -0.0030009023210472354, 0.07140878716685435, -0.09051404940441869, -0.01671408788710293, 0.05457922044042241, -0.036740764256843875, -0.012942062220545945, -0.001600825188733288, 0.0005062738187496683, 0.041898223680771424, 0.10175462808710815, -0.05717679767260572, -0.0083821927780242, 0.07039276327735094, -0.19954560474675515, -0.0060018153771014045, 0.06228917100494037, 0.055497319513992255, 0.041554051634185935, 0.03232149651977833, -0.04687723809692488, 0.04892420051664342, -0.07207836052369523, 0.05650859904965311, -0.03580524297313994, 0.11404988437543838, -0.04574583051380841, -0.020404754859828105, -0.12585905001643272, -0.28736331872607834, -0.03472252186526474, -0.0018330185724556053, 0.1661572123646126, -0.07200881926753408, -0.032574798634710585, 0.11523451870788312, -0.05091671276482943, -0.025297996548327012, -0.056788936332283435, 0.02867789323686403, 0.07468989930984084, -0.03547272736412486, -0.13548508428518338, 0.003721753694786899, -0.011721083182102163, 0.006117855207139005, -0.19552000651612692, -0.15927400346767387, -0.09346516478458226, -0.14877825732463051, 0.10035044928772457, 0.11388537502149682, -0.010930831544428619, -0.03301091137288214, -0.0015040393466977122, -6.6129484057747895e-06, 0.14498639481708464, 0.05253570402369875, -0.0005255340329139649, 0.08097590385427648, 0.007435639911794006, 0.09087388725025543, -0.14719552948932302, -0.06875022412672344, -0.2736979434209071, 0.015822834554086552, 0.0695760085386919, -0.028506346078063717, -0.14247014188783347, -0.042838735352905714, -0.03119449877368842, -0.07420685513819542, -0.02613215699309055], [0.06511187958240891, -0.07195130432740085, 0.9464907241053299, -0.02231809485910875, -0.007421436303097872, 0.007714264866336938, 0.031208088237810162, 0.09141055044668595, 0.0819648311279568, -0.10140601971130497, 0.021693518373739534, 0.0853802083592265, 0.09023393930467564, -0.12604559757973152, -0.023625604772525233, -0.1359922897727868, -0.008093207327237513, 0.03073718006202518, -0.1304895897217999, -0.1859208590261508, 0.060715904932101765, -0.18022544663814183, -0.002616807923123552, -0.20751544894304078, -0.10538471083229804, -0.08344886673165637, 0.028911587185140284, 0.04164221475550172, -0.13331437451167577, -0.19242059530912406, -0.012849378037533592, -0.05130874114887646, 0.05487018307394778, 0.004140742241805785, 0.047173100160581134, 0.06040972626096929, -0.015879269708954317, -0.005127098660878399, -0.019492326235905, -0.05864747355545067, -0.0022286993796867367, -0.08394681116246196, -0.04904429236946886, 0.002926308336072243, -0.04925385917767218, 0.08895222502810433, -0.012957054883052335, -0.10621810840043402, 0.059634135312679776, -0.19204586961896425, 0.09073169774122722, -0.012661087676487657, 0.09693503845527916, -0.002594056589027823, 0.11372135002923957, -0.04411186542028527, 0.1350148173224233, 0.060275254356070375, -0.043130999079159967, -0.15493780371462645, -0.013583440654474692, 0.07673232184009336, -0.05441085208734008, 0.0067292447501000755, -0.06335337887051903, 0.07342059382548054, 0.07387608455514746, 0.04137493596039934, 0.14779586925420415, -0.007614864276519114, -0.2111894460008389, -0.2027654039258112, 0.027260728415962603, -0.09549203460016069, -0.005958686605013511, 0.10877881978320933, -0.16616703909034464, -0.028214396762070902, -0.039346782608317706, -0.021589478192095155, 0.0783955812807208, -0.15041592219900762, -0.11745403090442097, 0.03988945160500708, -0.006897416352147426, 0.016914753104499924, -0.0747086896093656, -0.007533358526079334, 0.19135365306656138, 0.012181121835711434, 0.027595501455093402, 0.19903987078555202, 0.11333733882624027, -0.020724121007465363, -0.03557418046042868, 0.022641587577565882, -0.18141904235064432, 0.13065704595327993, 0.006233392667351201, -0.009360943584582594, 0.021567436880547804, -0.005499768402827666, -0.02535215419797673, 0.08236198010584728, -0.055688098406186236, 0.007953765014026866, 0.08262205018545873, -0.06936502127335585, -0.010525929733696425, -0.1237730556515864, 0.10064766491523515, -0.02031999393864073, -0.08551933953593645, 0.05888100626641261, -0.09685869287003873, -0.029057641643529, 0.10713490334229887, 0.008622811007617087, 0.08334177291972233, 0.10674585397423227, 0.1575039435237181, 0.05653967042096391, -0.14108133528953878, 0.09870581725154119, 0.00628864480679063, -0.04039978991361435, 0.02520691667029026, -0.01704044139026497, 0.008389590270447422, -0.054302678702318134, 0.02931302600083742, -0.028651885100318172, 0.0030796897605619017, -0.08778704693083049, 0.11797738168428085, 0.1235993301532417, -0.010293581178545962, 0.09460603226530714, 0.01159220009319071, -0.11063149864570614, 0.13650393917109666, 0.0992248530643289, -0.0677510780431078, -0.018150703005447865, -0.11407796656667707, 0.04390222146479296, 0.10980098022277963, -0.004118336639207229, 0.012458325370446733, -0.1566630217617798], [0.0008492022712514646, 0.07556241094532087, -0.02231809485910875, 0.8349996265909843, 0.002107763522898561, 0.07747584347490287, 0.13758507915244042, 0.03772552205481428, 0.06853755119139707, -0.058023734020957674, -0.12817631205199076, 0.017182006151869076, -0.07070076221942542, -0.053131855207129194, 0.0055974944218541624, -0.01702008900632922, 0.07095595113878568, -0.09181147451277229, -0.018736696785716028, -0.013021537337410965, 0.07896425420702091, -0.06925514211575538, -0.14072527924154724, 0.012818860825812574, -0.00025058671726992343, 0.12257663692034128, 0.0046309715170492595, -0.06607863085708862, 0.10005779667503809, 0.005362729546488799, -0.27976074719445293, -0.0573730237204928, -0.04126192356142454, -0.006868077795276983, 0.014812844740523684, -0.15962007073052376, -0.11908000741931064, 0.015576958952052647, 0.018093178393061914, 0.05939588432272946, 0.07821805409338972, -0.023165157624622335, 0.0028532907925789505, -0.03305807740412127, -0.031539506463098485, -0.0691359384461068, -0.05226716115210223, -0.031689986001450975, 0.003397257196426991, 0.0559451003159861, -0.13398097091244437, -0.03858517009898897, 0.05975412032429261, -0.0222765359457313, 0.09779460333081792, -0.05252688259305356, 0.04179356180007514, 0.10502499578187718, 0.1300359602389205, 0.04169066617733758, -0.01915302110427049, -0.0798120148128687, -0.06435865151960249, 0.058966599707897645, -0.07420838441025261, 0.044687870263539986, -0.012683130784828146, -0.00914462952115892, 0.02594422380121645, -0.08354064426969325, -0.00019706292361185073, 0.028440573838743113, 0.012758791964876654, 0.04588966875408279, 0.1508664457445836, -0.08489200154098848, 0.1302129550517227, 0.024978679773595067, 0.11161369454741533, 0.07049460924948545, -0.0339828350584559, -0.1321912769546985, -0.10527381404665846, -0.017328424185190375, 0.005262999447862369, -0.01490292257581338, 0.010404606910290687, 0.0867132619177385, 0.02154743190468748, -0.12071884227576696, 0.10180050801127409, -0.09092049200276071, -0.12932059655030614, -0.04432221338674645, 0.029880155333469636, 0.01332811195314452, -8.979051850897765e-05, 0.1658209710429257, -0.12124232925016665, -0.06520862229086181, -0.05192285218855812, -1.978899333142362e-05, -0.07356319522665455, -0.00726204121115086, -0.07479021849766462, -0.009366980982506825, 0.010822340078837226, 0.015139774804681675, 0.011911065515192481, 0.03711917121987845, -0.10709108665043215, -0.05272496204852768, 0.0065366306732772515, -0.1709921588931075, -0.1227179106010468, -0.1222417426276998, 0.04569212552737006, 0.02461920688340442, 0.15607977348404967, 0.056544252412606175, -0.007033908523841267, -0.01059087517405185, -0.03269243922259329, -0.054490828951408825, -0.012769794321343278, 0.02013543014198415, 0.06324359177213111, 0.06081639697300791, 0.0417573762687028, 0.010938141812823076, 0.09960171914491997, -0.0498101674382608, 0.05684877646573177, 0.027851878587194866, -0.055872855303905934, 0.07214486663240326, 0.12723592197793634, -0.045994820766992114, 0.046399673268130846, -0.05477659153369643, 0.1291081220769508, -0.10810973205580234, -0.018955525665678315, 0.005480402462535421, 0.0015310217319696024, 0.03813784538907931, -0.08782884492979158, -0.12033589016490741, 0.07056660886368406, 0.03220136939549079], [-0.10521324634646012, 0.027252222656703046, -0.007421436303097872, 0.002107763522898561, 1.0341251910950036, 0.031932981802788064, 0.00866522149829122, -0.026610979637502395, 0.03966220233144159, -0.0032653725906395, -0.05820240136809677, -0.007750596614657006, 0.1093716873886159, -0.007195679354001151, -0.09233556022109704, 0.045904972639866065, -0.14272423422979458, 0.15344277636587142, 0.028835510132207455, 0.10501969872080398, 0.14517604975111362, -0.12340524177145461, 0.19760836966010376, 0.05503054963514295, 0.06103063892760195, 0.044932091329585, 0.08806035831463238, -0.07589348635786762, -0.10290345956260931, -0.012678409414439758, 0.00921721178382494, -0.14199613321850532, 0.11895553835598754, 0.0025688924046934386, -0.08527036889824006, 0.04709537049573844, -0.04130373958077825, -0.011767223334525765, 0.034627195275208696, 0.13184934236568158, -0.051604931007665715, 0.0961649386414626, 0.03771559630360526, -0.17101370720797993, 0.2171661565999817, -0.029820156335004164, -0.19607304347331547, 0.031383950298666814, 0.015799726830072303, -0.0010119240516081858, 0.03142864257882307, 0.19483828725112803, -0.0654699222587845, -0.005106732986106229, -0.06070590602052665, 0.06581739595480876, 0.08561745584905574, -0.0673261712677726, 0.0008170628192967944, 0.024872064205160048, 0.1513290919669633, -0.15016087622763008, 0.04486301193899763, 0.18724674370342806, -0.1012153364917251, -0.1637556883814494, 0.029722139166013007, 0.11250496097797241, 0.0006700508279119297, -0.013860964776233385, -0.2395107360045875, 0.014426485265635662, 0.011143176092110837, 0.044519602477017924, -0.06364736428439605, 0.08850592232536914, 0.08347059632464876, -0.04299945944902759, -0.08847601920947393, 0.0953044549767489, -0.08042292298838975, 0.003759982745272552, 0.030755217335703786, 0.0408702311280564, 0.05013677500801716, 0.1016164258625485, 0.016024204378347992, -0.07889695388324083, 0.051527521375183585, 0.05123208343693759, 0.18158923198194502, -0.003520779051880986, 0.0748556327273093, 0.02916887681291847, 0.05920818240084224, -0.04192980406269242, 0.043782734477361265, -0.02619590850785739, 0.09790247812122127, -0.02833401364436674, -0.06935679317073756, 0.09465125882244187, 0.01688424496514466, 0.061227716900637795, -0.0745215223665499, 0.0225159983937082, 0.18007365918431287, -0.052786078133531596, -0.025456971747833245, 0.07216341336042498, 0.11407283703393495, -0.06170075488351999, 0.03926588191562162, 0.039876062132469345, 0.062337491840650926, -0.031478363872651786, 0.02265806782544655, -0.028205878444463164, 0.17974015233814605, -0.08778741721229415, -0.010926872261761339, -0.008699967010442596, 0.14469355497998948, 0.05970298098103482, -0.010947647987532805, -0.031256943856474845, -0.03255673788450057, 0.06216348970115172, -0.03241789030146216, 0.1763592155686048, 0.10056445945477946, 0.03486363111650993, 0.08606723539223794, -0.0016118602222347294, 0.017811527663248155, 0.05137307926614039, 0.07457658007848188, -0.07669655605696546, -0.13453844943166765, -0.0791190842884507, 0.014353046840064172, -0.18638911604890035, 0.0016834300865359781, -0.18352652707048822, 0.07306723308084406, -0.041164698493997565, 0.04374054059447344, -0.06257534568103765, 0.0082152040144215, -0.015062045800192757], [0.12908708893001866, -0.10089768952773584, 0.007714264866336938, 0.07747584347490287, 0.031932981802788064, 1.0044497959525638, 0.07029066157175025, 0.1142121044029777, 0.01330528933104213, 0.04372260609835459, 0.023820563572406323, 0.07486020362190561, -0.08659345633033025, 0.040762630588383954, -0.021391845109387696, -0.06899211908121683, 0.04569671869562945, 0.1362282136503493, 0.06791604611546448, -0.021663404093387854, 0.008037911381024858, -0.04230544197632154, -0.14492102974781196, 0.04349623536560688, -0.02449397998707876, 0.0814481995421426, 0.04236967090879408, 0.026995814101751142, 0.13886946312829454, -0.07845800169765299, -0.028704892767847563, -0.012813165154769055, -0.08449608093347714, -0.05444324714688417, -0.04083562022546884, -0.04710681854999476, 0.11743110325067414, -0.10845628263562472, 0.07602805517563703, -0.017324302766777662, -0.002149569586589116, 0.04578961117492327, -0.12883597086949802, 0.04722036812949652, -0.10411155142874902, -0.026712184654802008, 0.018240798018089612, -0.07426703746735924, 0.07877895312515709, 0.07551984212227932, -0.22274003577454388, -0.0026164856092743575, 0.03173452563176833, 0.12695060288923823, 0.007787197229639042, 0.15821336448982767, -0.08071029290322766, -0.002078833624698179, 0.10802096399427702, -0.005169295349286891, -0.15691640264221915, 0.01031621380821818, 0.019962067614774842, -0.13333007276314776, -0.04571018365543202, -0.06890869802784094, -0.020236357637729702, 0.045639250509746, -0.00263070510259599, 0.03776341058821682, -0.15798875026842368, -0.05774904394847242, -0.05987555080052925, -0.0029778873766257447, 0.04183301181978741, -0.015446636106994054, -0.10392051767822827, -0.04720546764846948, 0.12663789679375817, -0.04275220306865581, 0.06691297324159304, 0.1146984176473788, -0.08691927105901003, 0.01731232881648551, -0.038548056728175135, -0.05680748491393246, 0.03545106760953184, -0.0055687275254734355, 0.08639082748192883, -0.14236264919373862, -0.04379529904719837, -0.021755365830377748, -0.010553703825188505, 0.003176765982952729, 0.14224387970946564, -0.008150937881893628, -0.1269518413053926, 0.1253871441400265, 0.049936498633971566, 0.005820374867661737, -0.11319451662506279, -0.06479104747614454, -0.13561834775300313, 0.0758737034166314, -0.013252711625987585, -0.019315161348061296, -0.021014253333206265, -0.039409318968897676, 0.02454859360795904, 0.01178073309177566, -0.007521838057482471, 0.0498886724181115, -0.12656591431852993, -0.22497634547649772, -0.08962414346230411, 0.033141257930646345, 0.10287191264632606, -0.006503975350659112, 0.07963217938636823, 0.012179191456714056, -0.09676702737670967, 0.12743175753806518, 0.04401918256600214, -0.041780965738577355, -0.05149813927116867, 0.05707290532337261, 0.1085624342940803, -0.025697228761481714, 0.04644768742575517, -0.04122227405551283, -0.02721414156435072, 0.1468682715072168, -0.03836856116659837, -0.08070939978559566, 0.017375468975566126, 0.011469776853810044, -0.07990242985127448, -0.05656081620704641, 0.06957517879293909, 0.01357755756499318, 0.03258369459072027, -0.009555837420514107, 0.1668539986497606, -0.21703592034745345, -0.004725819355598637, 0.03108632174677876, 0.05846719155963929, 0.06801319444688668, -0.011263313760837224, 0.03505002629859115], [0.02729794128063558, -0.1409190478216278, 0.031208088237810162, 0.13758507915244042, 0.00866522149829122, 0.07029066157175025, 1.0020329556562906, -0.03684509851462745, -0.1313066100610876, 0.17663870500106466, -0.06732107314225827, 0.11457611524036573, 0.02022762960723069, 0.17623085280245754, -0.17729837235277296, 0.1430333643071102, 0.19433687620912402, 0.05863592163589565, -0.020678626683023022, 0.08924980115480932, 0.0579009484777755, 0.17975138041468355, -0.04456671671634466, 0.02697259915401822, 0.07668445033256001, -0.08769592580256684, -0.06981852546317438, -0.0027350058013455077, 0.028831046306602832, 0.053472876782807925, -0.11068125336746783, -0.06346783595859279, -0.13370134830895075, -0.07978656497996475, 0.042042338900380206, -0.10295352423327313, -0.02422588884968641, 0.12872759527990782, -0.029950894533689782, -0.06207202785163249, 0.054428987348031754, 0.06663495423642019, -0.00842775107499753, -0.08100023329647643, -0.0017563351040034375, -0.1702473399752529, -0.1505473508613857, -0.012355656517360165, -0.00743685753487607, 0.17100311078397323, -0.10901317201291968, 0.08820794282690286, -0.04184616403315485, -0.01807363363013902, 0.10103303929478046, 0.16805701182961136, 0.10467219473508164, -0.09015089189376796, 0.005436906044953521, -0.03975346927761951, 0.05906006069847059, -0.031184230396352142, 0.04040527839007965, 0.11256542948207737, -0.03142366632565484, 0.07380737028944184, 0.03152559605877029, -0.040833434662919596, 0.0715354119544243, -0.013808525595056489, 0.09473225057981811, -0.06915188774464755, -0.047487280256125204, -0.054451581577635896, 0.1148936419815642, 0.055412792470418595, -0.08603360112766127, 0.06536637427392167, 0.07110202996683876, 0.07871679467262145, -0.06706313613288305, -0.13986429267713124, -0.048043692727655116, -0.08816321077525646, 0.016543492239696145, 0.10183746716200591, 0.11030550677789627, 0.0886309299800228, 0.06910301255163943, -0.029964456925596124, 0.112096541169393, -0.058549288087195527, -0.011034647082001086, -0.046589387099548824, 0.006976800549851155, -0.021150728977250382, -0.013017418595561296, -0.0023364821308462904, -0.05352926962020471, -0.08688578743444439, -0.002594482690737157, -0.14556149934330817, 0.0013325862578984378, -0.10556628244304055, -0.03662121320840057, 0.07163624130077811, -0.007159771110519051, 0.06929753973039685, -0.08707789805544268, 0.08936803791806865, 0.05066635872276615, -0.047761384503893396, -0.099274735714727, -0.007548861550662494, 0.051358462455149065, 0.024125399340078936, 0.06366613828898973, -0.018121946055961034, -0.04147429210159141, 0.2277906100031733, 0.08943613659610809, 0.15058125274453701, -0.11490687006315144, 0.15168394119463163, 0.0380886991707169, -0.07245595336186934, 0.03553410849226767, -0.04392974063023506, 0.0920378467646339, -0.06510008089980583, -0.04153365562114756, 0.042437092288557125, 0.09923732482333192, -0.052730515887744765, 0.09656787273822114, -0.07197280154693565, 0.09183174308482064, -0.10093583641293226, 0.09994366321978618, -0.00861086447381416, -0.04103010392717484, 0.13955792824440835, -0.023737759056248867, -0.0027554269738654727, 0.04429108229730574, 0.03406068621345091, 0.033489137960566066, 0.1389237348952175, 0.058068926735608074, -0.050816354075522124], [0.019103441477530413, -0.11374636400187077, 0.09141055044668595, 0.03772552205481428, -0.026610979637502395, 0.1142121044029777, -0.03684509851462745, 1.1748506683808801, -0.018757677859120466, -0.03562213968658584, 0.10267783543418146, -0.03503497110091795, 0.08167906043695243, -0.044586248302951395, 0.08671940959743313, -0.07155865653922998, -0.05716382696587861, -0.02275512776419173, 0.11721919531427007, -0.11939355645464349, 0.06868698607738306, 0.0027060275566954204, -0.07860553540808592, -0.14129738857003366, -0.26618670701726377, -0.052300091773857346, -0.03148376854801304, -0.09387578390804177, -0.0321770004093722, 0.035358562255268386, 0.16448955457214937, -0.08954440838345977, 0.08055661653001925, -0.047930463392940374, 0.19693827719371795, 0.062006668002524856, 0.00708672578457492, -0.07099647501913747, -0.025342221010267698, -0.11302620633335535, 0.08584058017391669, -0.09133844942156683, -0.026839807457648364, -0.06595086956598367, 0.04611227572208211, 0.09044014096104268, -0.0696905255546446, -0.007912252703809897, 0.07138616067020828, -0.028310455145826443, 0.09731936136056765, -0.1498923892861819, 0.17560736797758847, -0.04694960087309609, 0.05404056425257305, 0.07703701995139159, -0.02720644965814968, -0.012529715806087825, -0.15668816457821044, 0.06576345172905043, 0.09225173584420525, 0.05307904122343693, -0.32334090380340746, 0.021270965516070755, 0.14610045927196505, 0.022779887605956874, -0.09169759303003659, -0.04893213360134732, 0.0968761682009285, -0.0097262467653365, -0.09443737140200127, 0.10540627648232027, 0.039861521735379025, -0.10793910391048443, -0.03325678414240758, 0.16485072978291163, 0.0380790676383977, -0.035667991909332016, 0.08819578824813233, -0.1317736647257539, 0.08784638006501296, 0.0887908642293148, 0.07239226995798252, -0.038684593797554165, 0.016301555427750587, -0.03366858771356645, -0.09013915325145586, -0.07344601582056982, 0.05109492767090754, 0.21952872874567836, 0.11798557382328424, 0.13768250222359918, 0.13300628392262112, 0.04271400152304166, 0.04616685820357929, -0.0503972404281645, -0.055974874966440276, 0.05916220030370129, 0.08007974567023886, -0.20063103231421442, -0.1116006734718205, 0.10891699207599455, 0.11987675417618929, 0.12772584604947212, -0.029585907342828354, 0.1589903660804823, 0.07203964843922091, -0.031794324788957315, 0.07146036878997558, 0.028594562125130184, -0.08235735396237316, 0.13625456877459027, -0.07736847027493952, -0.05208102992776686, -0.08522665070733662, 0.08320668786339662, 0.06021423332666047, -0.061058209109645996, -0.07742530272352374, -0.06936361001448783, 0.004524255352458505, 0.06047933821664955, -0.0045216934760640495, -0.060585909187845954, 0.05347962173308441, 0.04711929803844876, 0.19050327824543678, 0.010583196000840678, -0.19798774969529087, 0.047842944455436576, 0.032645066271610214, -0.044249966287209896, 0.163288025437638, -0.05087486448362914, -0.031356075921639324, 0.1452424519795294, 0.01879540258412475, 0.10620763999026646, -0.09633839588066073, -0.013734512347270777, 0.042595903013881234, 0.026002744284866555, 0.051609973021556635, -0.1668215927404467, 0.050279063728585184, 0.11729818277556679, 0.25578354239577805, -0.0808259028668939, -0.06705076256462528, 0.0023016691972383655], [-0.02498248268973371, 0.0693209808205845, 0.0819648311279568, 0.06853755119139707, 0.03966220233144159, 0.01330528933104213, -0.1313066100610876, -0.018757677859120466, 1.0361843657195502, -0.027686207696221758, 0.12926101465082784, -0.04150872007863245, -0.001199413769123325, -0.1164624092196487, 0.02625421318826393, 0.0017878841684784846, -0.13065386358046313, 0.07912544876255856, -0.001929100296703365, 0.11419231835475763, -0.14570635074725316, -0.08996380332658746, -0.03334980653760636, 0.14788214199683636, 0.0011754367095159102, -0.015219594075654813, 0.07695842955418548, -0.058147053590283805, -0.08994188062010004, -0.056785679134148205, 0.08375144070841117, 0.049946255230390604, -0.0770601933606694, 0.0951494340244426, -0.04650628057538217, 0.04404144787356412, 0.045912587916979705, -0.09203719326304831, 0.008573088283595124, -0.026671652631035905, 0.08079134736538104, -0.10030806356857208, -0.009911101443184753, 0.00893899269593719, -0.06382373337680985, 0.06324268267333284, -0.05091242448905012, -0.02948415039584796, -0.030651157894882642, -0.05380157075801599, 0.0015687242532256833, -0.059877549570044014, 0.07096879155831978, 0.04965531987106287, -0.004886542427565862, 0.07425045244956975, -0.021292282672904575, -0.06695570533697531, 0.006080038510159666, -0.004646940265563851, -0.009066548141216844, -0.09606336039337272, -0.12454011766675693, 0.057898765392092655, -0.09856041196600814, 0.1338152981259751, -0.062359258910772, -0.01619374325634964, -0.14883655494701337, -0.005887290691083304, 0.10735603701922816, -0.1087513936998031, 0.1410659727553319, -0.044677421981808255, -0.04305163742035315, -0.08025920898694398, 0.1355298361536818, -0.029405486309546473, 0.01853621439736413, 0.14483504704853128, 0.01579931637186691, 0.06113434244429814, 0.2022569215727013, 0.03800694481081716, 0.1552703871170274, -0.09845772536443674, 0.016834334147408418, -0.104741974250212, -0.009376095687624774, -0.029533842107970668, 0.10704610274925444, 0.02947774009091544, -0.10500824415385748, -0.08448014740276043, -0.021283458542119816, -0.021209045942767454, -0.05564213171100334, 0.08965949021490704, -0.04282883362545309, 0.1947374203605552, 0.061171476082687117, -0.06145094144127658, 0.04195470845569354, 0.014470869988758583, -0.02051735108493707, -0.008500143333662682, -0.07534156000641012, 0.040793674130818074, -0.07867869025866972, -0.08565976626194567, 0.06136241919464433, -0.0858258621492725, 0.12196074791003855, 0.033585622336025765, -0.18778012626899243, -0.10682454923393632, 0.017301501515512668, -0.08666832998173328, 0.03860335798033971, -0.17129245821831565, 0.03204520177833449, 0.052280145842252324, -0.06948465046198204, 0.033341945726025064, -0.049852117484381696, -0.0051207031056142, -0.01885192125135913, 0.006569477363092574, -0.028018928862616747, 0.028021711585558596, -0.04061204196743095, 0.03154195961945748, -0.025162764420209982, -0.03572059544300839, 0.12951436736136773, 0.004800536518543812, -0.15814412768153294, 0.005353993198742971, -0.09206955162255913, 0.06180081462543449, 0.041899358656827784, -0.053857034479447286, 0.1150961157235441, -0.09847486152719595, -0.08822632873828679, -0.020214767601555193, -0.11393487591381557, -0.10541722930023266, -0.022410014744829735, 0.046997029014612404], [0.1521918736606933, -0.05969707222239618, -0.10140601971130497, -0.058023734020957674, -0.0032653725906395, 0.04372260609835459, 0.17663870500106466, -0.03562213968658584, -0.027686207696221758, 1.0142107732910517, 0.055650203248567356, 0.12250751130826265, -0.06163709203306897, -0.015034126211830525, -0.03431952100883164, 0.1007895069013817, 0.12183457095096001, -0.008812126672233238, -0.010346132090288987, 0.00748604133193793, -0.05317907982907849, 0.10131114284061013, 0.036878736490854595, 0.03214612868448975, -0.013599690941571369, -0.17967073601104722, -0.05962487296724764, -0.08976497812847091, 0.12464782063151988, -0.028433339332502444, 0.04277458987573034, 0.16141054817487646, -0.05332253548168943, -0.04046508054762391, -0.0014669180993671558, 0.11327266289631602, -0.034441788035419134, -0.08181322701587428, 0.014648720822596528, 0.0733806778706126, -0.024541504505869616, 0.03679757338199441, 0.06294801274131527, -0.027085705743244017, 0.13185834973284735, -0.0668393031545582, -0.06726685707310961, 0.08321416035870936, -0.07168389361112087, -0.059780175868068615, 0.019402826045787733, 0.11426286222646315, -0.054450990971583305, -0.005181772570151786, 0.11192233785359205, 0.034792257114103727, -0.003577121453280424, -0.058899648303886505, 0.08189758452123123, 0.10336652493203984, -0.08865112078446331, -0.01645052976635501, 0.1829760358737417, -0.08760851998151467, 0.0024038115174508682, -0.0036739052771146744, 0.001369593641497702, -0.05243388546106711, 0.1218333482125417, 0.0030455141409908883, 0.14252930520134133, -0.10771435925424709, -0.07724526349004977, 0.025161389484209973, 0.12045089700694893, 0.2094170202571276, 0.0704709082429115, 0.02368741088016019, -0.04258835847762109, -0.021294575222699955, -0.11232962634201991, 0.023441759623581047, -0.03815485669811139, -0.005715063577398181, -0.03565720757835492, -0.19544260044986012, -0.04761675148827109, -0.050979266611941715, -0.0719040059658818, 0.027833788374252783, 0.08368725271857376, -0.024169743601028852, -0.09719747430244773, 0.06219763952531683, 0.11045263995657524, 0.11610451864445091, 0.0222211158200286, 0.0315778477257617, -0.028958223280152167, -0.057170685507552825, 0.08088012738040654, 0.07544478743458008, 0.014305244702249436, -0.09571069388775875, -0.011524204104950145, -0.0223289115661002, 0.03926564316264246, 0.05935069122728693, -0.03398813870393922, -0.0231460216806347, 0.04055026673957253, 0.1694135241891573, -0.21411344132990284, 0.026322951398533675, 0.0012220492225394038, -0.09875037228863914, -0.16127461495810416, -0.0434490901106328, -0.11487621864993901, 0.08240476904343969, -0.0740423146675133, -0.038951351081936474, -0.06146397713040801, 0.04146381426547226, 0.12998279342761543, -0.08881952432179047, 0.020687020301816288, -0.023417187183413478, -0.027402779574547287, -0.059600237528848306, -0.06089898674676003, 0.04660127649423842, -0.11577109548295178, 0.0913204420252506, -0.1375444836083383, -0.13018791389220424, -0.08411026616051644, -0.08196477767113838, -0.041162999257820576, 0.07377064880257393, 0.009833039510257501, 0.15031367681110666, -0.05097664128136919, -0.02727795382628755, 0.11491528667474867, -0.006451863403200259, -0.01916435225682318, 0.01009303946857852, -0.09257246050775417, 0.10788097823065348], [0.10043298731187188, -0.018689747919059172, 0.021693518373739534, -0.12817631205199076, -0.05820240136809677, 0.023820563572406323, -0.06732107314225827, 0.10267783543418146, 0.12926101465082784, 0.055650203248567356, 0.9274517727128252, -0.00349913650876208, 0.10824626851253129, -0.1159438226100752, -0.0470623566552645, -0.000684796372644884, -0.13473427308384933, -0.07674461971685165, 0.06796326618962546, -0.07251473705231197, -0.16839161317066428, 0.022758947512508263, -0.07612057972877692, 0.04119207413814088, -0.013574872372220081, -0.13734901610709463, 0.11581005797460986, -0.0015066524636711542, -0.05942853554574475, -0.06241978524133836, 0.014514515473819092, 0.09613855926978539, -0.05637248237323902, 0.1376560094704231, 0.04261794796714972, 0.09119700743028013, 0.02298825130277389, -0.013874103218872186, 0.0960710782712229, 0.08699990066758578, 0.09484656130008673, 0.01483576436129035, -0.08369627833834764, 0.09975632717056235, 0.05190554891316808, -0.07674613541464259, 0.007786137155908448, -0.05116293653922694, 0.033331662992117636, -0.15026085467526912, -0.009517278268881529, 0.019269027367224606, 0.051123770988540276, 0.05603232953503543, 0.01602938725721763, -0.003874373005819846, -0.12148570536712468, -0.045692618871798145, 0.07790339782411275, -0.06193390110373579, -0.011216111762430129, 0.0071251562971323, -0.01709826463941521, 0.014290491765874276, 0.001994761426485419, 0.0793299746214626, 0.02380655674209031, -0.13043044374138563, -0.07201981571444625, -0.022059827770666274, 0.03959683254023079, -0.0018538624906438398, -0.012138138071838505, -0.0010868774088646032, -0.05034849470129137, 0.06357350692012177, -0.014527581606376386, 0.051282996483470046, -0.06228238290250539, -0.013488839943974715, -0.1375876009574053, 0.09279711116309027, 0.08721018216606229, 0.11185248677340441, 0.049885683718139805, -0.03923631974248097, -0.06185618272355615, 0.0062957784001626054, 0.06248151825666685, 0.1687065498856296, 0.11795589347498746, -0.009479585298762756, 0.11704883932444979, 0.05176482597795004, 0.0528480055728529, -0.03546487558420214, -0.0016133626494905136, 0.10632012938804855, 0.015762636386741406, 0.07384123393618737, -0.09168986821820373, -0.11770562387208726, -0.06878093058035684, 0.0716959626196538, 0.1629330503108264, -0.10915061063039264, -0.04174868926688829, 0.02223066366902167, 0.013731696445718443, -0.030349668713698732, -0.0034050357985128056, 0.1400623357113713, 0.11651393082986501, 0.1259888702395774, 0.11897735651028472, 0.05453194349904273, 0.025738237230642193, 0.08337544833617853, 0.0022926285429394006, -0.05516092319847535, 0.06642812094727622, 0.06504706380583411, 0.1639373811838095, 0.00031094164355092784, 0.04701416288028978, -0.08319529036404621, -0.09700744278181651, 0.03565638598931424, 0.0497655015590082, 0.15911497891517715, 0.031249701507723788, 0.10373607677830446, 0.015166418612141873, 0.04286269685757713, -0.053061196238813745, 0.002642774656030244, -0.017583163051451255, -0.04290268329998759, 0.00940202046518581, -0.0602786018687261, -0.0472355838627313, 0.04637493812472435, 0.06374492377272152, -0.0013958328767716523, 0.06215552694025058, -0.024591168607219036, -0.08207619619151844, -0.07244470152805417, -0.013499823995150472, 0.08515212525112027], [0.048072510833105674, -0.15210253759563291, 0.0853802083592265, 0.017182006151869076, -0.007750596614657006, 0.07486020362190561, 0.11457611524036573, -0.03503497110091795, -0.04150872007863245, 0.12250751130826265, -0.00349913650876208, 0.947665400490868, 0.196811304874182, -0.08987426069063131, -0.2518045016690046, -0.06037166860119549, -0.07261908022644051, -0.06467592305164942, 0.08508048131101785, -0.0066884274689935075, 0.0026234868038933377, -0.018745460255191578, -0.0824242658015166, -0.17349620861190934, -0.05125514905258822, 0.008396125345983323, -0.01072116536822139, 0.03488693020694245, 0.055447241008110874, 0.009263565137065938, 0.05122443973020247, -0.1045344692422581, -0.03444099424436931, 0.11420641357070574, -0.03072416128637129, 0.09616834723447336, -0.05183918895979014, -0.07798572842813555, -0.06247561149801804, 0.10170263833137821, -0.09548345723475425, 0.06474381286025034, 0.02745783052369848, -0.0689695971304959, -0.04625860801672819, -0.008762657452481856, 0.05805744283876997, 0.1324999898852885, -0.016189614043869666, -0.08136336451811274, -0.021012725688528272, 0.01757837543637696, -0.0024119681781046183, 0.005022282737049864, 0.02368326222584891, 0.1528171216975699, 0.09521450063846275, 0.05575553495855864, 0.024207149711866074, 0.05329311045692413, -0.158561148505206, 0.05119733543711345, -0.017074018348203233, -0.057171076570116885, -0.029556327677713237, 0.017705487224634893, -0.05165295364054802, 0.03048562686557278, 0.04462345210288191, 0.09122070655602156, -0.05810385093884272, 0.004436120220711574, 0.11777134086419577, -0.019800217038933237, 0.065460530486454, 0.08106790689282596, 0.1063536689878203, 0.10866696534941371, 0.05434354864639201, 0.04977012318587584, 0.018239643185270854, -0.05319290757456941, 0.031977446233135906, 0.025627172494633595, -0.035563573879515205, 0.04677387066797065, 0.01991020818681673, 0.03683159084515344, -0.03164798990903305, -0.06640701657028204, 0.005237267046646323, 0.07411927476508537, -0.12977404593531042, -0.014536163764903772, -0.10887578584817455, 0.07389760511302262, 0.04656189925797767, -0.003949770682302592, 0.1010324379275058, -0.094777847435258, -0.05937121832648456, -0.0874122809670589, -0.16678376256298957, 0.007261375982122478, -0.028196628411914403, 0.05942593854669484, 0.1898694146217494, -0.026099403606011127, -0.11685143959629357, 0.04339591106889748, 0.08673940180298345, 0.060718227822824676, -0.018222489754799, 0.06349756665813402, -0.05638000237808053, -0.043942711512748554, -0.009980623601371252, 0.08774065316138899, -0.0897153692907745, 0.17026654931654814, -0.05069794353374478, -0.07624463604560862, -0.01621036036222435, 0.09321777087312035, 0.07489474004752991, 0.019259051904290867, 0.06641176940483833, 0.10732579017644622, 0.1583861481205432, -0.03822984713093941, 0.16474740866369267, 0.030712615477845033, 0.06285958187905114, 0.0005498522192661108, -0.08543006979688533, 0.14071187393320944, -0.00828555303507087, -0.09733879636331347, 0.0001777183761894029, 0.03427858456258872, -0.035462994637715364, -0.05670221927764016, 0.05277508327367784, -0.11037797557099426, 0.08562862111958919, -0.04032398294287356, -0.022962707451778752, 0.030523037811356814, -0.08062947769919654, 0.032099770971221304], [-0.10448385696004696, -0.11316384986544693, 0.09023393930467564, -0.07070076221942542, 0.1093716873886159, -0.08659345633033025, 0.02022762960723069, 0.08167906043695243, -0.001199413769123325, -0.06163709203306897, 0.10824626851253129, 0.196811304874182, 1.082813199350239, 0.04481320024153421, -0.14031106909562566, -0.07374210947883786, -0.1288964333271123, 0.0614652629208449, -0.008559894245115928, -0.05849415038461384, -0.051643370995605904, -0.04682960158379008, -0.09348798885573081, -0.09710200292845973, 0.041859696367159804, 0.07435733656583353, -0.11577686990336569, -0.19014363062713918, -0.08139795347167869, -0.009118745297323087, 0.06730847078029185, 0.030352314703920448, -0.07712051350117456, -0.031762849440281814, 0.0924338041561564, 0.12199579694721532, -0.057892735384587925, 0.07230896974803315, -0.047374722351001854, 0.065332722226737