[[0.5230194620437568, 0.3981751857148366, 0.04806109725325145, 0.18208526024004543, 0.022427587213066546, -0.23853316212992376, -0.1319409330110774, 0.09440320162006488, -0.015219264067721146, 0.0742305462536618], [0.3981751857148366, 2.180488861478955, 0.45027698626343626, 0.2503079324353296, -0.006778434020122287, -0.21250911182327234, -0.8515329898368534, 0.3275767623712105, 0.3231449357455651, -0.22748843621578332], [0.04806109725325145, 0.45027698626343626, 0.2956856539421129, 0.3517657709904377, -0.19400296617381851, 0.1463440127621407, -0.17840405996955172, -0.04719942736985489, 0.2088743214913985, 0.0520974620366184], [0.18208526024004543, 0.2503079324353296, 0.3517657709904377, 1.1498749129067658, -0.2558390657715273, -0.041347324317825083, 0.25841134000580607, -0.050195787944265574, -0.040300469623254224, 0.2869422875768297], [0.022427587213066546, -0.006778434020122287, -0.19400296617381851, -0.2558390657715273, 0.5719033321481151, -0.40999906324822016, -0.16297805069561994, 0.13392023724535118, -0.045198253652881853, -0.2068781088591233], [-0.23853316212992376, -0.21250911182327234, 0.1463440127621407, -0.041347324317825083, -0.40999906324822016, 1.288589062385307, -0.39286561511428664, 0.2174968582182775, -0.09507005318372014, 0.40168671366295944], [-0.1319409330110774, -0.8515329898368534, -0.17840405996955172, 0.25841134000580607, -0.16297805069561994, -0.39286561511428664, 0.8817649843300708, -0.30302208247426704, -0.18665552582285527, 0.09024337250492695], [0.09440320162006488, 0.3275767623712105, -0.04719942736985489, -0.050195787944265574, 0.13392023724535118, 0.2174968582182775, -0.30302208247426704, 1.9294148395530293, -0.8696236743960165, 0.05745656974457666], [-0.015219264067721146, 0.3231449357455651, 0.2088743214913985, -0.040300469623254224, -0.045198253652881853, -0.09507005318372014, -0.18665552582285527, -0.8696236743960165, 0.781423777387612, -0.11694790379610295], [0.0742305462536618, -0.22748843621578332, 0.0520974620366184, 0.2869422875768297, -0.2068781088591233, 0.40168671366295944, 0.09024337250492695, 0.05745656974457666, -0.11694790379610295, 0.3978351138242775]],[[0.7173651440816753, -0.510564136960828, -0.43802120663090816, -0.22024230420212007, -0.17933969635257327, -0.4718256485929456, 0.3870183932221181, 0.39213444283841736, 0.27035057458241263, 0.0191488441210084], [-0.510564136960828, 1.5231450189648623, 0.3607920950419139, 0.02826950210147701, 0.04772545964567353, 0.12329953303293874, -0.6247149648180051, -0.7549874756858902, -0.11798258344305693, 0.016305354208655663], [-0.43802120663090816, 0.3607920950419139, 1.1176021404363552, 0.22392572639740296, 0.3526801423689355, 0.42571892755597085, -0.2988560724749151, -0.12445311898508957, -0.21426128903131283, -0.30105297699069017], [-0.22024230420212007, 0.02826950210147701, 0.22392572639740296, 0.7890923708234028, -0.03349533003979906, 0.10237815104165572, 0.15125518168174043, 0.02880794858502101, 0.2148447330875389, 0.2700034371943541], [-0.17933969635257327, 0.04772545964567353, 0.3526801423689355, -0.03349533003979906, 0.5039157152596955, 0.39017202537634016, -0.15392033694771434, -0.36946616503481927, -0.2450121729900373, -0.04302630683282163], [-0.4718256485929456, 0.12329953303293874, 0.42571892755597085, 0.10237815104165572, 0.39017202537634016, 1.5722657847461767, 0.16875685434946525, -0.7427625217700186, -0.5984272132922906, 0.2404075514232442], [0.3870183932221181, -0.6247149648180051, -0.2988560724749151, 0.15125518168174043, -0.15392033694771434, 0.16875685434946525, 0.7912571801796656, 0.20213377292451618, 0.435120042844162, 0.2021226702669491], [0.39213444283841736, -0.7549874756858902, -0.12445311898508957, 0.02880794858502101, -0.36946616503481927, -0.7427625217700186, 0.20213377292451618, 1.1100343688879333, 0.015986997951062894, -0.3941480429642335], [0.27035057458241263, -0.11798258344305693, -0.21426128903131283, 0.2148447330875389, -0.2450121729900373, -0.5984272132922906, 0.435120042844162, 0.015986997951062894, 1.2128218035918237, 0.2901045152066846], [0.0191488441210084, 0.016305354208655663, -0.30105297699069017, 0.2700034371943541, -0.04302630683282163, 0.2404075514232442, 0.2021226702669491, -0.3941480429642335, 0.2901045152066846, 0.6625004730284103]],